start line pos:
latitude: 45.618932386592405
longitude: 9.281178887031235
altitude: 229.04906147731415


first sector start point:
latitude: 45.616031
longitude: 9.280769

second sector start point:
latitude: 45.630108
longitude: 9.289489

third sector start point:
latitude: 45.623572
longitude: 9.287294

